37.313535 31.580432 63.359495 65.816276 15.466877 40.536309 36.879814 53.493361 58.711968 60.131908 31.580432 28.464241 55.101224 57.237788 13.450925 35.252810 32.072902 46.521041 51.059455 52.294320 63.359495 55.101224 111.549020 114.835580 26.986453 70.727347 64.347532 93.334683 102.440060 104.917550 65.816276 57.237788 114.835580 120.288360 28.032859 73.469819 66.842624 96.953760 106.412200 108.985760 15.466877 13.450925 26.986453 28.032859 7.587744 17.265465 15.708069 22.784210 25.006950 25.611739 40.536309 35.252810 70.727347 73.469819 17.265465 46.250133 41.168437 59.713915 65.539376 67.124435 36.879814 32.072902 64.347532 66.842624 15.708069 41.168437 38.454923 54.327544 59.627531 61.069613 53.493361 46.521041 93.334683 96.953760 22.784210 59.713915 54.327544 79.800911 86.488426 88.580134 58.711968 51.059455 102.440060 106.412200 25.006950 65.539376 59.627531 86.488426 95.925905 97.221672 60.131908 52.294320 104.917550 108.985760 25.611739 67.124435 61.069613 88.580134 97.221672 101.423310 -0.373005 -0.315782 -0.633541 -0.658085 -0.154638 -0.403715 -0.368552 -0.534844 -0.586876 -0.601098 -0.315785 -0.284603 -0.550730 -0.564944 -0.133591 -0.352471 -0.320692 -0.465161 -0.510543 -0.522891 -0.633362 -0.550962 -1.115339 -1.148157 -0.269576 -0.707202 -0.643425 -0.933276 -1.024280 -1.048963 -0.658117 -0.572330 -1.148282 -1.202804 -0.280297 -0.734383 -0.668338 -0.969286 -1.064047 -1.089540 -0.154657 -0.134500 -0.269848 -0.280311 -0.075870 -0.172628 -0.157045 -0.227795 -0.250051 -0.255460 -0.405297 -0.352296 -0.707210 -0.733901 -0.171460 -0.462471 -0.411593 -0.597006 -0.655326 -0.671185 -0.368771 -0.320702 -0.643394 -0.668228 -0.157068 -0.411631 -0.384498 -0.543241 -0.596226 -0.610352 -0.534879 -0.465137 -0.933269 -0.969440 -0.227818 -0.597038 -0.543057 -0.797793 -0.864760 -0.885734 -0.587050 -0.510563 -1.024317 -1.063934 -0.249979 -0.655333 -0.596201 -0.864054 -0.959175 -0.972099 -0.601070 -0.522910 -1.048723 -1.089784 -0.256095 -0.671109 -0.610609 -0.885033 -0.972155 -1.014142 2.760251 6.797027 6.550980 1.626117 1.189977 4.983640 9.597440 3.403857 5.852678 2.238119 
-0.026288 -0.067963 -0.065489 -0.016260 -0.011899 -0.049830 -0.095958 -0.034036 -0.058522 -0.022379 
-0.526690 3.938506 0.815934 -4.331288 -0.210014 1.314474 6.259240 -1.438126 0.538339 -1.731971 
0.006498 -0.039450 -0.008283 0.043164 0.002066 -0.013231 -0.062660 0.014261 -0.005513 0.017247 
-0.010021 0.068606 0.005607 -0.046155 -0.001909 0.013358 0.061038 -0.017940 0.003841 -0.018538 
-0.536710 4.007112 0.821540 -4.377444 -0.211923 1.327832 6.320279 -1.456066 0.542180 -1.750509 
1.000000 0.500000 0.333333 0.250000 0.200000 0.166667 0.142857 0.125000 0.111111 0.100000 0.500000 0.333333 0.250000 0.200000 0.166667 0.142857 0.125000 0.111111 0.100000 0.090909 0.333333 0.250000 0.200000 0.166667 0.142857 0.125000 0.111111 0.100000 0.090909 0.083333 0.250000 0.200000 0.166667 0.142857 0.125000 0.111111 0.100000 0.090909 0.083333 0.076923 0.200000 0.166667 0.142857 0.125000 0.111111 0.100000 0.090909 0.083333 0.076923 0.071429 0.166667 0.142857 0.125000 0.111111 0.100000 0.090909 0.083333 0.076923 0.071429 0.066667 0.142857 0.125000 0.111111 0.100000 0.090909 0.083333 0.076923 0.071429 0.066667 0.062500 0.125000 0.111111 0.100000 0.090909 0.083333 0.076923 0.071429 0.066667 0.062500 0.058824 0.111111 0.100000 0.090909 0.083333 0.076923 0.071429 0.066667 0.062500 0.058824 0.055556 0.100000 0.090909 0.083333 0.076923 0.071429 0.066667 0.062500 0.058824 0.055556 0.052632 -0.000010 -0.000005 -0.000003 -0.000002 -0.000002 -0.000002 -0.000001 -0.000001 -0.000001 -0.000001 -0.000005 -0.000003 -0.000002 -0.000002 -0.000002 -0.000001 -0.000001 -0.000001 -0.000001 -0.000001 -0.000003 -0.000002 -0.000002 -0.000002 -0.000001 -0.000001 -0.000001 -0.000001 -0.000001 -0.000001 -0.000002 -0.000002 -0.000002 -0.000001 -0.000001 -0.000001 -0.000001 -0.000001 -0.000001 -0.000001 -0.000002 -0.000002 -0.000001 -0.000001 -0.000001 -0.000001 -0.000001 -0.000001 -0.000001 -0.000001 -0.000002 -0.000001 -0.000001 -0.000001 -0.000001 -0.000001 -0.000001 -0.000001 -0.000001 -0.000001 -0.000001 -0.000001 -0.000001 -0.000001 -0.000001 -0.000001 -0.000001 -0.000001 -0.000001 -0.000001 -0.000001 -0.000001 -0.000001 -0.000001 -0.000001 -0.000001 -0.000001 -0.000001 -0.000001 -0.000001 -0.000001 -0.000001 -0.000001 -0.000001 -0.000001 -0.000001 -0.000001 -0.000001 -0.000001 -0.000001 -0.000001 -0.000001 -0.000001 -0.000001 -0.000001 -0.000001 -0.000001 -0.000001 -0.000001 -0.000001 -0.186709 0.725791 -0.588317 2.183186 -0.136396 0.113931 1.066768 0.059281 -0.095648 -0.832349 
0.001866 -0.007257 0.005883 -0.021830 0.001364 -0.001139 -0.010667 -0.000593 0.000956 0.008322 
-184794.834683 7701836.848950 -74264612.051788 255999935.534830 -253982367.835713 -339671263.310999 697300374.008684 90171553.443838 -728692978.326821 345772190.328610 
1847.715838 -77008.645869 742551.763320 -2559667.696238 2539450.685910 3396463.470548 -6972485.414394 -901179.073281 7285746.532934 -3457217.878377 
-183593.349331 7698386.969773 -74416199.558005 256718717.300341 -254484455.144472 -341022391.663090 697511557.393605 95134648.285626 -734527924.971824 347719511.736850 
-368388.184014 15400223.818723 -148680811.609793 512718652.835172 -508466822.980185 -680693654.974089 1394811931.402289 185306201.729463 -1463220903.298645 693491702.065460 
