26.323942237120797
44.160162674457553
31.195701700852137
-24.860603949521437
37.808603885815046
11.269023151132711
24.908448996744241
16.933209029904582
20.370419559427081
27.738293647589476
26.316243693139025
44.149849652886779
31.189777564975401
-24.852632363493658
37.800055668156887
11.267458077658954
24.903925065228290
16.930814145127055
20.367777077085734
27.733938248519845
26.323940469618968
44.160160306706331
31.195700340738853
-24.860602119331347
37.808602375368665
11.269022874588570
24.908448197378124
16.933208606735075
20.370419092507944
27.738292647640172
26.323942237120718
44.160162674457453
31.195701700852073
-24.860603949521359
37.808603885814968
11.269023151132698
24.908448996744202
16.933209029904557
20.370419559427052
27.738293647589430
